0	81.202584	80.795344	81.359406	81.974701	81.196242	81.950517	81.847356	83.360832	81.509983	81.800515	82.321714	82.865721	84.162029	85.270077	83.257313	83.079185	
1	81.811650	81.669672	84.370871	82.471070	82.842093	86.291822	82.491202	82.725767	82.678312	82.675211	86.026438	82.950120	82.533572	85.186692	82.881442	84.546825	
2	83.014754	82.613261	82.643213	82.465062	82.381333	82.540877	82.516201	82.771981	81.918288	84.636771	82.434783	83.224079	85.255639	82.272615	82.765207	82.674796	
3	82.096991	83.077366	81.941428	81.663321	80.639861	82.219918	82.861165	82.198068	83.924692	83.091861	82.776003	83.933252	83.098808	84.580543	82.848406	82.306056	
4	81.667089	81.856961	81.305973	81.701462	81.026622	81.374602	80.915962	81.817552	81.126265	80.789302	80.768237	81.773552	81.485798	80.718153	81.889165	81.372999	
5	86.516979	83.597626	83.272411	83.433372	92.497896	82.516105	82.486947	80.244880	80.421497	82.322671	82.536469	80.331469	82.488456	82.592666	82.280271	80.330755	
6	85.306266	80.851663	80.862930	80.945008	80.868540	80.960686	81.325671	81.053494	81.143754	81.047120	81.440001	81.338712	81.391796	81.322858	81.292324	81.614621	
7	82.509294	83.277830	82.716619	82.622216	84.065636	83.112526	83.451897	82.642048	82.071640	82.403729	83.469815	84.061545	83.885056	84.003239	82.534904	81.554790	
8	82.393668	82.571695	83.217121	82.019358	82.320914	82.431356	82.599089	81.953145	83.493077	86.625719	86.018578	84.497269	86.528630	86.868996	87.959807	87.856730	
9	87.483156	82.795462	83.224511	87.007417	84.743869	83.780388	84.616438	82.715175	83.687364	84.280835	85.767830	84.432935	83.706642	84.138343	84.066418	84.908495	
10	83.308100	84.242855	83.371503	84.973852	84.222631	84.781324	84.751715	84.297355	84.745223	86.775114	84.430256	86.773078	84.557460	84.811901	84.474774	87.534120	
11	84.795744	84.894203	84.857153	84.758670	86.991970	95.787212	86.385845	86.610838	87.944550	86.474124	85.372165	86.823598	86.218819	86.271526	86.919747	87.575431	
12	83.663263	91.542609	84.781232	85.305636	84.837881	86.009464	84.942465	85.253008	85.210690	84.987174	84.335429	84.464644	86.577920	86.184777	84.510682	85.634320	
13	84.015037	85.016217	83.722584	87.876063	84.789551	85.383569	85.584801	85.036578	85.354894	85.440325	86.200719	86.269892	85.671727	85.626985	87.088694	85.366901	
14	85.129798	83.418144	84.183337	85.393034	83.846157	85.997350	84.803345	82.857697	82.990361	86.343298	85.132404	83.751173	85.111339	85.845843	84.512804	85.355796	
15	83.445642	83.384470	85.095577	85.278943	84.355046	85.112103	84.802799	84.825949	83.610359	84.943722	85.085080	85.766726	85.017847	86.520124	85.714684	86.072048	
16	88.359706	85.564622	83.381430	84.812972	83.743682	84.276961	83.430387	83.459343	83.974276	83.865497	83.649945	83.830868	83.481410	83.292428	85.068662	84.374937	
17	84.150737	83.959530	84.864431	83.305291	84.015499	84.490346	83.438712	83.114981	83.265031	83.266219	84.769446	85.089725	84.253312	83.179931	84.305735	89.491988	
18	83.787083	83.012215	83.440709	83.704116	83.510143	82.689253	84.601342	83.507862	85.270014	84.684228	84.428040	86.997867	83.545664	83.309637	84.741352	84.886728	
19	87.407901	83.338183	82.844861	83.201459	84.140214	84.092543	84.233741	84.236717	83.330473	85.359516	87.170643	86.870996	84.524393	86.766699	85.565787	84.814335	
20	84.577436	87.373560	86.167659	86.795069	87.087734	88.750055	88.146871	89.461588	88.964081	88.814880	87.892940	89.414725	88.985134	89.669674	90.572688	89.866419	
21	83.748424	84.266259	83.468070	84.196929	84.892884	88.445621	85.606502	85.199381	90.710416	86.067678	85.229851	86.460047	85.947452	86.477748	86.790171	86.713750	
22	84.125931	83.876385	83.841275	83.104615	83.932106	83.854567	82.857334	83.827751	84.014978	84.411591	83.898721	89.859737	85.498407	85.298719	85.194712	85.287815	
23	93.618170	86.248001	87.038188	84.639423	85.577100	84.956352	84.776428	84.677202	86.204687	84.980869	88.472129	85.776926	84.394052	84.993935	86.202632	85.178340	
24	84.269783	91.276621	85.747892	85.961304	84.606208	85.638278	84.890393	83.855557	85.115829	86.167533	85.136270	85.592870	85.273770	85.864992	85.930364	87.770220	
25	88.815404	83.691364	84.022142	83.321895	83.980950	84.286253	83.741211	83.433852	83.506487	83.117863	83.779513	92.463212	88.656979	87.549018	90.891127	90.015645	
26	87.071866	82.890835	84.797282	83.906372	84.379091	83.846046	88.427419	84.992218	86.355957	86.634832	85.401085	86.379353	86.627085	86.451828	87.856827	88.127047	
27	84.918849	84.544576	83.560644	83.765692	83.763866	83.614675	88.572655	85.119379	84.937084	86.964138	85.292685	85.115187	85.058684	85.759997	85.973768	86.226244	
28	85.075033	88.831098	85.370191	90.214020	86.773216	85.522166	85.283442	84.501582	86.539068	85.332524	84.103987	87.732881	85.175255	84.865625	85.505669	85.196026	
29	88.795624	83.985790	84.014071	83.745932	84.126454	84.572047	85.678559	84.065862	84.652688	84.259122	83.870569	94.364023	84.122100	84.389758	87.385075	86.321753	
30	83.587969	85.526571	84.586845	88.528193	91.856144	91.371615	91.747563	91.554477	92.266205	91.994316	93.298140	93.721218	91.085587	91.000448	92.912396	90.684654	
31	84.244532	84.586176	83.159441	82.874386	84.208483	84.114178	84.680784	84.923863	86.078282	85.055029	84.650406	85.221619	85.091822	85.295716	89.989452	87.638406	
32	83.608341	83.704059	83.837013	83.812194	84.691650	84.238517	85.069223	83.604251	83.380193	82.793184	88.861680	85.915275	86.217563	85.378374	86.025427	85.167520	
33	85.630201	86.495253	86.695272	85.876923	86.932236	87.573772	88.097829	87.850760	88.480386	88.242056	90.099317	90.072609	88.362061	89.093153	89.910487	89.408555	
34	101.579364	85.989482	86.067071	85.012723	84.026684	85.505461	85.587224	85.092352	85.599914	85.658490	85.386776	85.364376	83.994069	85.258679	88.733519	85.621204	
35	85.125363	84.023037	84.560083	88.673121	85.574661	85.124246	84.390053	84.975629	85.214269	85.005666	84.725923	85.977071	89.582244	85.001265	84.908963	84.852211	
36	83.219916	85.639475	84.307258	85.645543	87.019412	84.688416	84.675731	85.485655	84.651093	84.643438	85.541653	86.224970	85.192570	85.634544	85.974294	85.955963	
37	83.118491	83.283827	83.213631	90.298742	84.851168	86.968673	86.479614	84.033850	85.321761	84.617452	85.419114	84.876728	86.372147	86.298678	85.810592	85.221773	
38	83.826195	83.659341	83.767460	82.870173	89.979675	86.587880	86.543499	86.469298	87.880726	87.595295	88.509212	88.364319	89.076861	88.397366	88.458178	87.801697	
39	91.982345	86.660176	91.744545	84.982076	85.443285	85.213292	85.889979	84.401064	84.905334	87.307422	87.493533	86.774589	87.223311	87.362754	87.728083	86.379547	
40	84.905694	83.373672	82.992751	83.360943	84.144734	84.346335	83.142364	84.016661	84.068080	84.332997	83.481789	84.619753	83.464277	83.392651	83.373164	92.102316	
41	85.027821	84.940339	85.220247	85.204896	85.768820	84.958078	85.510002	85.670511	85.500226	86.021937	86.363367	87.061145	86.605542	86.741238	87.269361	87.330812	
42	85.818395	86.196629	85.833870	86.932883	86.131510	85.210691	85.687271	87.719426	86.112011	87.031490	86.849640	88.054214	87.272583	87.443848	88.479096	96.590880	
43	83.930477	86.865574	85.370693	86.239499	84.956253	85.192381	86.269341	85.801193	85.003593	84.840165	85.010787	86.798313	86.195818	85.290928	86.059363	86.143787	
44	87.679746	83.136044	83.769459	83.411645	84.987440	84.108055	83.558724	83.713369	83.472303	84.088874	83.902455	84.361948	84.526931	83.809874	84.204689	83.794348	
45	84.976771	84.287241	89.029240	88.724090	89.092019	91.225901	88.596695	88.212721	90.147943	89.445165	91.165769	91.932677	90.033910	90.330492	91.125413	91.323691	
46	88.573070	83.905229	83.043745	83.433396	83.308244	83.038509	84.004098	83.636272	82.630374	83.592479	83.020045	83.170576	83.782596	83.980920	82.887781	85.337104	
47	82.662585	84.439166	83.295794	83.199043	84.042443	82.974758	82.814291	82.921783	83.130691	82.865053	85.545338	84.022135	83.885894	87.063666	84.331474	86.142212	
48	90.994115	83.461869	83.263728	83.205937	82.898628	83.781460	83.230989	83.459991	83.851762	83.485675	84.138566	83.550184	83.595858	85.178023	84.643908	88.316939	
49	84.659904	84.456761	83.809660	85.347925	85.245303	85.080176	87.053783	84.733898	85.694630	85.025261	86.026991	88.477393	86.536174	85.179740	84.838290	85.129051	
50	85.505603	83.585004	85.468099	82.932625	83.242116	83.790119	83.526020	83.738602	83.296750	84.690566	82.870349	83.497053	85.844034	82.919324	83.312092	84.869177	
51	84.066061	87.551938	85.126257	85.177742	85.177578	85.777110	86.282899	85.535462	86.132493	85.019036	84.992476	85.989847	83.870415	84.972685	85.371687	85.554401	
52	83.822617	83.559212	83.623999	83.833000	83.530175	84.968372	85.534064	83.323849	82.084853	84.861761	83.668772	85.671648	85.336681	83.942048	84.942498	85.198650	
53	83.760521	84.018448	83.619897	83.461677	83.747135	83.924231	83.787877	83.462684	83.571350	83.591504	83.040346	84.623195	83.906953	83.786780	83.581374	83.979807	
54	83.959326	83.743379	84.809243	84.647463	83.695496	87.189073	84.801043	84.608687	84.175364	84.184560	84.926550	85.424763	84.771941	83.771804	89.629677	84.983994	
55	85.612921	83.715980	83.563789	83.426595	83.155977	84.725229	85.013652	83.103107	83.848554	85.437562	84.958855	85.993912	93.947707	86.104041	85.203874	86.249257	
56	84.826092	88.115588	85.262931	85.945995	85.442588	85.412641	85.126148	85.843748	84.855307	84.934800	85.402174	85.698767	83.939787	84.570445	85.787393	85.007444	
57	84.341110	84.448771	84.046499	84.357531	84.035461	83.883996	84.162410	83.751786	84.916736	83.617282	83.548744	84.024883	84.104502	83.367438	90.977525	85.631237	
58	84.036406	86.890436	84.773004	85.945910	84.925913	86.250074	84.901610	85.020206	87.197913	87.524119	84.888816	85.877226	84.472392	85.091768	84.745285	85.620764	
59	86.838348	85.061573	85.131548	85.071222	84.579561	86.161735	84.755807	84.907937	84.307973	85.129723	84.812506	85.032622	85.017384	84.620382	85.199550	84.872469	
60	84.508708	85.698107	84.544983	85.715068	85.460488	84.782496	84.842514	85.031794	85.194903	84.588281	85.396959	86.961554	87.233019	84.416658	84.618546	87.661888	
61	89.066424	83.878995	84.010650	84.070497	82.993395	82.968226	83.543336	83.615794	84.121121	85.011036	83.738705	83.418930	85.248565	83.070698	83.333476	83.909657	
62	83.999791	83.492815	83.344649	84.128376	85.834901	83.436998	87.117842	84.878406	85.512785	84.751234	84.159173	84.992070	84.556846	86.080444	84.946631	85.661069	
63	88.303833	87.992993	83.136334	83.471303	84.530725	94.801119	88.911959	85.567402	86.472583	85.068608	85.179437	85.445134	83.826511	85.832444	84.908905	85.904088	
64	89.163136	83.319548	84.108107	84.678224	84.290860	85.420459	87.091421	84.735159	84.776117	87.834396	85.519768	87.047307	84.847747	85.557528	87.324115	90.325138	
65	83.875615	84.195429	84.185346	84.905708	83.905275	84.623005	84.128523	84.058215	82.803566	85.697220	85.313613	86.164233	86.035385	85.754662	85.476746	87.764444	
66	95.021035	84.253704	84.660429	87.839412	85.781376	84.998464	85.161262	85.218758	86.271811	85.624811	84.680698	87.836733	84.357639	85.214420	84.303531	92.719721	
67	84.340453	83.647804	85.013431	84.078532	84.372679	84.345729	85.341451	84.393110	83.823605	84.101166	84.136554	84.143453	84.748401	83.929313	84.253486	85.576599	
68	83.523255	84.093579	83.076333	83.234866	83.579491	82.754866	82.181157	84.051206	84.071452	83.926674	88.509102	85.686526	84.382153	84.358317	86.499673	87.408835	
69	88.574790	85.137884	83.830120	83.709382	83.395373	83.384899	83.923245	84.158997	83.567657	83.625980	83.822211	85.478045	83.998609	85.426918	84.873365	85.464792	
70	84.706394	84.885401	83.723843	85.960019	83.881495	85.208325	84.594599	85.046419	85.896386	86.024721	84.863093	84.440614	84.974961	84.391987	83.994473	84.943300	
71	84.228411	86.395384	85.863118	84.573573	84.188857	84.582704	85.516174	85.294839	84.180682	91.613968	84.748411	85.082221	84.816613	84.720142	85.743887	87.887681	
72	95.021748	84.782551	84.556099	84.698050	84.261939	86.368529	85.561143	84.550348	84.935070	84.341238	85.798085	86.026889	85.252111	85.354206	87.419785	84.765196	
73	84.611379	86.180863	85.643898	85.102462	85.127901	85.638638	84.372283	85.320786	86.125006	84.015733	84.988403	84.518485	84.316642	84.445759	84.922360	84.574752	
74	85.840194	88.263756	85.380999	84.259830	84.151101	85.079027	84.582572	84.829647	84.444607	85.364509	84.699603	84.309675	84.701167	84.304254	84.678322	84.486358	
75	86.924339	85.702645	84.753859	85.457915	89.992389	85.254659	84.736617	83.886946	85.420405	83.624079	84.502779	84.794706	85.054200	86.033738	84.910110	83.999966	
76	86.734154	85.763287	85.257688	86.100279	84.622506	86.607391	85.622574	84.680763	84.660640	86.128067	85.174635	86.449781	85.373593	86.706345	85.823974	85.294164	
77	84.681564	84.400823	84.583408	87.226593	86.270360	85.897532	85.758989	88.260994	86.146372	86.273159	87.469072	87.260267	86.120975	87.355143	86.342529	87.376044	
78	85.017589	84.170059	84.523987	85.606220	88.788437	85.352599	84.643815	83.951301	84.932202	83.984462	84.932205	86.460650	87.878793	85.152851	85.073737	85.291012	
79	86.388771	84.942827	85.968043	85.686070	84.136410	85.427530	85.071711	84.954126	84.621926	86.650780	85.295612	84.939717	84.795693	85.574224	84.923744	85.675650	
80	84.967870	84.897221	84.407852	85.089364	84.929562	90.235716	87.785141	84.378369	85.601071	85.322056	86.700443	84.894756	84.987182	84.685940	85.021283	85.382438	
81	86.058350	84.915130	86.435712	84.421994	87.874703	84.598109	86.692852	84.511310	84.878077	86.119301	84.510203	84.598835	88.297960	85.270835	84.465547	94.866251	
82	85.059844	86.003135	85.623876	93.121786	84.725631	84.966726	85.146794	85.370639	84.861410	84.583588	85.244117	89.367140	85.014848	84.994358	85.337989	85.216367	
83	84.496773	84.350788	85.259213	85.688754	84.697452	84.468834	83.974741	84.335494	84.509414	87.100743	85.213886	86.171107	84.001828	83.845636	87.528211	84.837861	
84	89.249872	86.443608	85.521012	85.828794	84.280003	84.661593	86.928742	84.937188	85.063716	85.263608	84.947409	84.981554	84.340068	84.160416	84.476485	86.247473	
85	89.357440	87.132783	85.114956	85.358880	84.992930	85.524031	84.845468	84.629914	85.385555	84.595555	85.472003	86.372571	84.722424	85.281852	85.673050	85.779397	
86	84.895689	85.334871	85.799768	86.224070	84.752220	85.746122	84.262535	85.326310	85.834725	85.354912	86.440735	85.715922	84.883495	86.352719	85.707069	85.056220	
87	85.012367	83.188617	83.065804	83.892607	83.986322	83.489435	83.917484	84.039704	83.319086	85.042524	84.230095	84.523667	84.129852	84.167986	87.223436	85.271241	
88	85.466501	85.357245	84.481625	84.706870	85.457062	85.377238	85.206301	85.273703	85.033121	85.285171	85.015459	84.912461	84.850145	84.860443	86.295079	86.217210	
89	84.914607	85.947478	85.392882	84.876573	84.427879	90.954554	85.004826	84.998112	85.729010	87.109506	84.175801	85.622932	85.917195	83.789982	85.048432	86.448043	
90	89.857466	88.454461	84.852404	85.833712	83.914669	84.848686	84.901392	85.831128	84.943901	84.845472	84.756443	86.932972	84.430952	85.270871	84.853553	85.747127	
91	89.806751	86.563393	84.274280	85.059731	85.769901	85.734472	84.606313	85.585695	85.336613	84.902805	85.996128	85.070747	84.393768	84.475748	84.828134	85.029826	
92	85.066685	86.162517	88.683317	86.157474	84.689693	85.504755	85.542270	85.116460	85.797499	84.969275	84.964312	85.376968	84.724854	89.690788	84.823532	86.171338	
93	84.475895	83.977475	83.672333	87.883717	86.294731	85.230212	84.622334	84.602343	85.108859	85.023251	84.646777	85.542486	85.133081	85.104545	84.649774	85.477905	
94	86.027618	83.780569	83.949492	83.327658	83.463384	83.562097	83.339096	84.588278	83.298551	83.945514	84.249179	90.356900	85.586292	84.599055	85.772670	84.872148	
95	90.054883	87.293948	89.906248	85.535072	85.772724	86.095537	85.448446	85.665203	86.884204	86.122998	85.569928	86.039707	86.075485	86.151936	85.358052	86.712364	
96	84.820000	85.559564	85.695941	85.901606	84.699723	84.997065	84.919846	85.181549	85.094886	85.014256	85.982582	85.983554	85.479944	85.392856	84.976152	84.960151	
97	85.194898	85.379245	85.813064	85.969076	85.492949	84.838595	85.068141	85.158588	85.084232	85.585263	85.662744	84.893226	84.802462	86.155159	85.903269	86.187705	
98	83.915410	83.875092	83.575072	93.073788	85.770198	84.888563	85.811552	84.517110	85.406371	85.268312	84.697712	89.085465	86.474924	85.060985	86.053627	86.596780	
99	86.026825	85.257650	84.686740	85.318322	84.820390	85.662998	84.905813	86.420436	85.259695	84.796221	86.650628	85.048502	84.915612	84.773732	84.623491	86.112140	
100	90.094051	85.658269	83.330333	85.458641	82.960848	83.479413	84.067753	84.035015	85.424128	83.819312	85.186562	85.126728	93.513891	85.330139	89.414950	85.347950	
101	84.948908	84.910177	85.506197	85.186911	85.196014	84.786151	85.316312	85.157662	84.585393	86.972752	84.841993	85.563957	85.010397	85.983222	85.083702	85.035750	
102	89.240189	85.587662	84.597878	84.579934	85.892393	85.917347	86.197545	84.296140	84.581741	85.907359	85.055459	84.574648	85.384821	87.816483	84.721455	85.674257	
103	86.112111	84.367465	84.504885	83.938375	84.235956	84.521157	84.933318	86.006219	86.368040	86.424730	83.806112	86.519070	84.299899	84.726400	84.216474	87.790717	
104	84.180549	84.059221	84.302877	82.991200	83.675960	83.089575	84.328930	84.149252	87.568793	85.046701	84.498669	85.488568	85.956225	84.568864	84.404542	84.936039	
105	85.240762	84.232906	83.161124	84.998884	84.053061	82.850891	83.934874	84.608679	83.899382	82.687252	82.821137	83.532092	83.079996	83.813356	86.062992	86.512801	
106	89.174506	84.589550	84.770617	86.398705	85.647264	86.188745	86.059621	84.650437	85.209161	85.175782	85.793216	84.515136	85.804630	85.708179	84.553305	84.971331	
107	83.404174	84.311209	84.118130	83.663529	85.748202	85.495873	84.659252	84.862452	84.747508	84.942200	85.410009	86.677032	84.475497	84.073746	84.747478	85.363045	
108	91.831455	83.271469	85.400161	84.715677	85.494582	84.853960	85.412721	84.945201	85.207845	86.043140	84.776940	85.225850	85.872417	85.103719	85.112151	85.876898	
109	89.146334	85.427202	83.970347	85.366730	83.054556	85.541440	86.274604	85.632447	85.482217	85.428036	84.793341	84.635225	83.109276	82.464504	84.769266	83.172516	
110	83.519418	86.558036	83.711013	82.729469	84.452193	83.384889	83.020454	82.677779	82.766468	84.553847	82.824669	84.740963	83.580614	82.745926	88.571250	85.767122	
111	84.839170	82.698921	83.316667	83.079162	83.387146	82.648591	83.138041	83.645635	83.063029	83.195692	83.986382	83.758166	84.042336	83.482088	83.367799	84.954324	
112	83.937961	83.023622	83.149247	83.909464	84.180497	83.499752	82.878862	83.642050	90.446498	85.829822	85.274867	84.813674	85.967587	85.857857	85.109103	84.622076	
113	84.273701	87.351822	87.629570	85.885057	87.876203	85.767494	86.139041	85.893296	85.915161	84.697870	86.336951	89.961932	97.214469	86.443506	86.328989	86.636030	
114	83.751470	83.143809	82.802747	82.736970	82.890344	88.556771	84.975348	86.151011	84.608618	85.318982	85.146113	85.171995	85.420543	84.522961	84.968630	85.372048	
115	84.369172	83.139605	82.777714	83.444351	84.845193	84.410077	83.586493	85.668067	82.789365	83.122640	85.856528	86.883145	84.834130	84.963513	84.656133	84.677638	
116	82.907613	83.669587	83.228134	83.586346	82.310345	86.486295	82.984090	83.733358	83.385845	83.281148	83.082823	83.729941	82.829127	82.880925	83.228376	83.110983	
117	82.907155	83.188532	82.605387	83.471507	83.874707	83.912443	84.947697	87.910767	82.040763	84.195515	84.521969	88.546879	84.591359	84.281716	84.101179	84.720225	
118	87.234515	87.303712	86.989200	86.732936	87.117931	88.052846	86.934180	87.627546	86.604251	86.727095	86.626795	86.579162	88.898923	86.405199	88.094195	87.868716	
119	87.333006	86.348769	87.299851	86.403331	87.568814	86.491787	86.745776	86.230532	86.360131	86.511512	87.926773	86.440310	86.824290	86.476992	86.579647	87.249196	
120	83.790722	84.639516	83.357246	84.089047	83.745308	83.739121	83.966048	84.164341	82.997049	83.671205	83.595450	83.277872	83.561657	83.196506	83.290036	88.586457	
121	84.352108	83.907654	82.379417	83.382673	82.711099	84.473687	84.473620	84.738982	89.244437	85.645889	83.965826	83.457329	84.565083	82.765506	82.627343	83.896905	
122	84.256990	84.739853	85.531371	84.422479	86.948485	94.481074	83.565977	83.511048	84.335467	83.484427	84.050886	84.068314	83.706830	84.264396	83.403780	92.675842	
123	84.580135	83.647226	85.834719	85.643865	84.361750	82.978112	84.415338	84.799251	83.400566	84.775838	85.737513	85.440128	83.563334	83.334307	85.255934	83.634735	
124	86.936880	84.226344	82.732400	81.767605	84.497097	85.445741	83.144510	84.814417	83.549154	83.972021	86.022977	83.809534	83.674982	83.149618	81.907761	82.531222	
125	84.206660	85.440282	85.452255	85.567812	85.695921	85.437992	84.813403	85.688476	84.958273	85.708150	85.015806	87.037257	84.679238	86.035451	86.027559	86.731725	
126	85.151743	83.558528	85.065664	85.132765	94.633733	84.149932	84.713454	85.166335	84.474075	86.070411	85.768577	84.320718	83.077657	86.333152	84.842851	84.751967	
127	83.159056	82.658053	81.358100	81.654436	81.472683	91.109764	82.670360	83.857916	82.458565	84.513157	83.725133	82.029091	82.352618	83.410572	82.443404	83.624942	

81.202584	81.811650	83.014754	82.096991	81.667089	86.516979	85.306266	82.509294	82.393668	87.483156	83.308100	84.795744	83.663263	84.015037	85.129798	83.445642	88.359706	84.150737	83.787083	87.407901	84.577436	83.748424	84.125931	93.618170	84.269783	88.815404	87.071866	84.918849	85.075033	88.795624	83.587969	84.244532	83.608341	85.630201	101.579364	85.125363	83.219916	83.118491	83.826195	91.982345	84.905694	85.027821	85.818395	83.930477	87.679746	84.976771	88.573070	82.662585	90.994115	84.659904	85.505603	84.066061	83.822617	83.760521	83.959326	85.612921	84.826092	84.341110	84.036406	86.838348	84.508708	89.066424	83.999791	88.303833	89.163136	83.875615	95.021035	84.340453	83.523255	88.574790	84.706394	84.228411	95.021748	84.611379	85.840194	86.924339	86.734154	84.681564	85.017589	86.388771	84.967870	86.058350	85.059844	84.496773	89.249872	89.357440	84.895689	85.012367	85.466501	84.914607	89.857466	89.806751	85.066685	84.475895	86.027618	90.054883	84.820000	85.194898	83.915410	86.026825	90.094051	84.948908	89.240189	86.112111	84.180549	85.240762	89.174506	83.404174	91.831455	89.146334	83.519418	84.839170	83.937961	84.273701	83.751470	84.369172	82.907613	82.907155	87.234515	87.333006	83.790722	84.352108	84.256990	84.580135	86.936880	84.206660	85.151743	83.159056	
80.795344	81.669672	82.613261	83.077366	81.856961	83.597626	80.851663	83.277830	82.571695	82.795462	84.242855	84.894203	91.542609	85.016217	83.418144	83.384470	85.564622	83.959530	83.012215	83.338183	87.373560	84.266259	83.876385	86.248001	91.276621	83.691364	82.890835	84.544576	88.831098	83.985790	85.526571	84.586176	83.704059	86.495253	85.989482	84.023037	85.639475	83.283827	83.659341	86.660176	83.373672	84.940339	86.196629	86.865574	83.136044	84.287241	83.905229	84.439166	83.461869	84.456761	83.585004	87.551938	83.559212	84.018448	83.743379	83.715980	88.115588	84.448771	86.890436	85.061573	85.698107	83.878995	83.492815	87.992993	83.319548	84.195429	84.253704	83.647804	84.093579	85.137884	84.885401	86.395384	84.782551	86.180863	88.263756	85.702645	85.763287	84.400823	84.170059	84.942827	84.897221	84.915130	86.003135	84.350788	86.443608	87.132783	85.334871	83.188617	85.357245	85.947478	88.454461	86.563393	86.162517	83.977475	83.780569	87.293948	85.559564	85.379245	83.875092	85.257650	85.658269	84.910177	85.587662	84.367465	84.059221	84.232906	84.589550	84.311209	83.271469	85.427202	86.558036	82.698921	83.023622	87.351822	83.143809	83.139605	83.669587	83.188532	87.303712	86.348769	84.639516	83.907654	84.739853	83.647226	84.226344	85.440282	83.558528	82.658053	
81.359406	84.370871	82.643213	81.941428	81.305973	83.272411	80.862930	82.716619	83.217121	83.224511	83.371503	84.857153	84.781232	83.722584	84.183337	85.095577	83.381430	84.864431	83.440709	82.844861	86.167659	83.468070	83.841275	87.038188	85.747892	84.022142	84.797282	83.560644	85.370191	84.014071	84.586845	83.159441	83.837013	86.695272	86.067071	84.560083	84.307258	83.213631	83.767460	91.744545	82.992751	85.220247	85.833870	85.370693	83.769459	89.029240	83.043745	83.295794	83.263728	83.809660	85.468099	85.126257	83.623999	83.619897	84.809243	83.563789	85.262931	84.046499	84.773004	85.131548	84.544983	84.010650	83.344649	83.136334	84.108107	84.185346	84.660429	85.013431	83.076333	83.830120	83.723843	85.863118	84.556099	85.643898	85.380999	84.753859	85.257688	84.583408	84.523987	85.968043	84.407852	86.435712	85.623876	85.259213	85.521012	85.114956	85.799768	83.065804	84.481625	85.392882	84.852404	84.274280	88.683317	83.672333	83.949492	89.906248	85.695941	85.813064	83.575072	84.686740	83.330333	85.506197	84.597878	84.504885	84.302877	83.161124	84.770617	84.118130	85.400161	83.970347	83.711013	83.316667	83.149247	87.629570	82.802747	82.777714	83.228134	82.605387	86.989200	87.299851	83.357246	82.379417	85.531371	85.834719	82.732400	85.452255	85.065664	81.358100	
81.974701	82.471070	82.465062	81.663321	81.701462	83.433372	80.945008	82.622216	82.019358	87.007417	84.973852	84.758670	85.305636	87.876063	85.393034	85.278943	84.812972	83.305291	83.704116	83.201459	86.795069	84.196929	83.104615	84.639423	85.961304	83.321895	83.906372	83.765692	90.214020	83.745932	88.528193	82.874386	83.812194	85.876923	85.012723	88.673121	85.645543	90.298742	82.870173	84.982076	83.360943	85.204896	86.932883	86.239499	83.411645	88.724090	83.433396	83.199043	83.205937	85.347925	82.932625	85.177742	83.833000	83.461677	84.647463	83.426595	85.945995	84.357531	85.945910	85.071222	85.715068	84.070497	84.128376	83.471303	84.678224	84.905708	87.839412	84.078532	83.234866	83.709382	85.960019	84.573573	84.698050	85.102462	84.259830	85.457915	86.100279	87.226593	85.606220	85.686070	85.089364	84.421994	93.121786	85.688754	85.828794	85.358880	86.224070	83.892607	84.706870	84.876573	85.833712	85.059731	86.157474	87.883717	83.327658	85.535072	85.901606	85.969076	93.073788	85.318322	85.458641	85.186911	84.579934	83.938375	82.991200	84.998884	86.398705	83.663529	84.715677	85.366730	82.729469	83.079162	83.909464	85.885057	82.736970	83.444351	83.586346	83.471507	86.732936	86.403331	84.089047	83.382673	84.422479	85.643865	81.767605	85.567812	85.132765	81.654436	
81.196242	82.842093	82.381333	80.639861	81.026622	92.497896	80.868540	84.065636	82.320914	84.743869	84.222631	86.991970	84.837881	84.789551	83.846157	84.355046	83.743682	84.015499	83.510143	84.140214	87.087734	84.892884	83.932106	85.577100	84.606208	83.980950	84.379091	83.763866	86.773216	84.126454	91.856144	84.208483	84.691650	86.932236	84.026684	85.574661	87.019412	84.851168	89.979675	85.443285	84.144734	85.768820	86.131510	84.956253	84.987440	89.092019	83.308244	84.042443	82.898628	85.245303	83.242116	85.177578	83.530175	83.747135	83.695496	83.155977	85.442588	84.035461	84.925913	84.579561	85.460488	82.993395	85.834901	84.530725	84.290860	83.905275	85.781376	84.372679	83.579491	83.395373	83.881495	84.188857	84.261939	85.127901	84.151101	89.992389	84.622506	86.270360	88.788437	84.136410	84.929562	87.874703	84.725631	84.697452	84.280003	84.992930	84.752220	83.986322	85.457062	84.427879	83.914669	85.769901	84.689693	86.294731	83.463384	85.772724	84.699723	85.492949	85.770198	84.820390	82.960848	85.196014	85.892393	84.235956	83.675960	84.053061	85.647264	85.748202	85.494582	83.054556	84.452193	83.387146	84.180497	87.876203	82.890344	84.845193	82.310345	83.874707	87.117931	87.568814	83.745308	82.711099	86.948485	84.361750	84.497097	85.695921	94.633733	81.472683	
81.950517	86.291822	82.540877	82.219918	81.374602	82.516105	80.960686	83.112526	82.431356	83.780388	84.781324	95.787212	86.009464	85.383569	85.997350	85.112103	84.276961	84.490346	82.689253	84.092543	88.750055	88.445621	83.854567	84.956352	85.638278	84.286253	83.846046	83.614675	85.522166	84.572047	91.371615	84.114178	84.238517	87.573772	85.505461	85.124246	84.688416	86.968673	86.587880	85.213292	84.346335	84.958078	85.210691	85.192381	84.108055	91.225901	83.038509	82.974758	83.781460	85.080176	83.790119	85.777110	84.968372	83.924231	87.189073	84.725229	85.412641	83.883996	86.250074	86.161735	84.782496	82.968226	83.436998	94.801119	85.420459	84.623005	84.998464	84.345729	82.754866	83.384899	85.208325	84.582704	86.368529	85.638638	85.079027	85.254659	86.607391	85.897532	85.352599	85.427530	90.235716	84.598109	84.966726	84.468834	84.661593	85.524031	85.746122	83.489435	85.377238	90.954554	84.848686	85.734472	85.504755	85.230212	83.562097	86.095537	84.997065	84.838595	84.888563	85.662998	83.479413	84.786151	85.917347	84.521157	83.089575	82.850891	86.188745	85.495873	84.853960	85.541440	83.384889	82.648591	83.499752	85.767494	88.556771	84.410077	86.486295	83.912443	88.052846	86.491787	83.739121	84.473687	94.481074	82.978112	85.445741	85.437992	84.149932	91.109764	
81.847356	82.491202	82.516201	82.861165	80.915962	82.486947	81.325671	83.451897	82.599089	84.616438	84.751715	86.385845	84.942465	85.584801	84.803345	84.802799	83.430387	83.438712	84.601342	84.233741	88.146871	85.606502	82.857334	84.776428	84.890393	83.741211	88.427419	88.572655	85.283442	85.678559	91.747563	84.680784	85.069223	88.097829	85.587224	84.390053	84.675731	86.479614	86.543499	85.889979	83.142364	85.510002	85.687271	86.269341	83.558724	88.596695	84.004098	82.814291	83.230989	87.053783	83.526020	86.282899	85.534064	83.787877	84.801043	85.013652	85.126148	84.162410	84.901610	84.755807	84.842514	83.543336	87.117842	88.911959	87.091421	84.128523	85.161262	85.341451	82.181157	83.923245	84.594599	85.516174	85.561143	84.372283	84.582572	84.736617	85.622574	85.758989	84.643815	85.071711	87.785141	86.692852	85.146794	83.974741	86.928742	84.845468	84.262535	83.917484	85.206301	85.004826	84.901392	84.606313	85.542270	84.622334	83.339096	85.448446	84.919846	85.068141	85.811552	84.905813	84.067753	85.316312	86.197545	84.933318	84.328930	83.934874	86.059621	84.659252	85.412721	86.274604	83.020454	83.138041	82.878862	86.139041	84.975348	83.586493	82.984090	84.947697	86.934180	86.745776	83.966048	84.473620	83.565977	84.415338	83.144510	84.813403	84.713454	82.670360	
83.360832	82.725767	82.771981	82.198068	81.817552	80.244880	81.053494	82.642048	81.953145	82.715175	84.297355	86.610838	85.253008	85.036578	82.857697	84.825949	83.459343	83.114981	83.507862	84.236717	89.461588	85.199381	83.827751	84.677202	83.855557	83.433852	84.992218	85.119379	84.501582	84.065862	91.554477	84.923863	83.604251	87.850760	85.092352	84.975629	85.485655	84.033850	86.469298	84.401064	84.016661	85.670511	87.719426	85.801193	83.713369	88.212721	83.636272	82.921783	83.459991	84.733898	83.738602	85.535462	83.323849	83.462684	84.608687	83.103107	85.843748	83.751786	85.020206	84.907937	85.031794	83.615794	84.878406	85.567402	84.735159	84.058215	85.218758	84.393110	84.051206	84.158997	85.046419	85.294839	84.550348	85.320786	84.829647	83.886946	84.680763	88.260994	83.951301	84.954126	84.378369	84.511310	85.370639	84.335494	84.937188	84.629914	85.326310	84.039704	85.273703	84.998112	85.831128	85.585695	85.116460	84.602343	84.588278	85.665203	85.181549	85.158588	84.517110	86.420436	84.035015	85.157662	84.296140	86.006219	84.149252	84.608679	84.650437	84.862452	84.945201	85.632447	82.677779	83.645635	83.642050	85.893296	86.151011	85.668067	83.733358	87.910767	87.627546	86.230532	84.164341	84.738982	83.511048	84.799251	84.814417	85.688476	85.166335	83.857916	
81.509983	82.678312	81.918288	83.924692	81.126265	80.421497	81.143754	82.071640	83.493077	83.687364	84.745223	87.944550	85.210690	85.354894	82.990361	83.610359	83.974276	83.265031	85.270014	83.330473	88.964081	90.710416	84.014978	86.204687	85.115829	83.506487	86.355957	84.937084	86.539068	84.652688	92.266205	86.078282	83.380193	88.480386	85.599914	85.214269	84.651093	85.321761	87.880726	84.905334	84.068080	85.500226	86.112011	85.003593	83.472303	90.147943	82.630374	83.130691	83.851762	85.694630	83.296750	86.132493	82.084853	83.571350	84.175364	83.848554	84.855307	84.916736	87.197913	84.307973	85.194903	84.121121	85.512785	86.472583	84.776117	82.803566	86.271811	83.823605	84.071452	83.567657	85.896386	84.180682	84.935070	86.125006	84.444607	85.420405	84.660640	86.146372	84.932202	84.621926	85.601071	84.878077	84.861410	84.509414	85.063716	85.385555	85.834725	83.319086	85.033121	85.729010	84.943901	85.336613	85.797499	85.108859	83.298551	86.884204	85.094886	85.084232	85.406371	85.259695	85.424128	84.585393	84.581741	86.368040	87.568793	83.899382	85.209161	84.747508	85.207845	85.482217	82.766468	83.063029	90.446498	85.915161	84.608618	82.789365	83.385845	82.040763	86.604251	86.360131	82.997049	89.244437	84.335467	83.400566	83.549154	84.958273	84.474075	82.458565	
81.800515	82.675211	84.636771	83.091861	80.789302	82.322671	81.047120	82.403729	86.625719	84.280835	86.775114	86.474124	84.987174	85.440325	86.343298	84.943722	83.865497	83.266219	84.684228	85.359516	88.814880	86.067678	84.411591	84.980869	86.167533	83.117863	86.634832	86.964138	85.332524	84.259122	91.994316	85.055029	82.793184	88.242056	85.658490	85.005666	84.643438	84.617452	87.595295	87.307422	84.332997	86.021937	87.031490	84.840165	84.088874	89.445165	83.592479	82.865053	83.485675	85.025261	84.690566	85.019036	84.861761	83.591504	84.184560	85.437562	84.934800	83.617282	87.524119	85.129723	84.588281	85.011036	84.751234	85.068608	87.834396	85.697220	85.624811	84.101166	83.926674	83.625980	86.024721	91.613968	84.341238	84.015733	85.364509	83.624079	86.128067	86.273159	83.984462	86.650780	85.322056	86.119301	84.583588	87.100743	85.263608	84.595555	85.354912	85.042524	85.285171	87.109506	84.845472	84.902805	84.969275	85.023251	83.945514	86.122998	85.014256	85.585263	85.268312	84.796221	83.819312	86.972752	85.907359	86.424730	85.046701	82.687252	85.175782	84.942200	86.043140	85.428036	84.553847	83.195692	85.829822	84.697870	85.318982	83.122640	83.281148	84.195515	86.727095	86.511512	83.671205	85.645889	83.484427	84.775838	83.972021	85.708150	86.070411	84.513157	
82.321714	86.026438	82.434783	82.776003	80.768237	82.536469	81.440001	83.469815	86.018578	85.767830	84.430256	85.372165	84.335429	86.200719	85.132404	85.085080	83.649945	84.769446	84.428040	87.170643	87.892940	85.229851	83.898721	88.472129	85.136270	83.779513	85.401085	85.292685	84.103987	83.870569	93.298140	84.650406	88.861680	90.099317	85.386776	84.725923	85.541653	85.419114	88.509212	87.493533	83.481789	86.363367	86.849640	85.010787	83.902455	91.165769	83.020045	85.545338	84.138566	86.026991	82.870349	84.992476	83.668772	83.040346	84.926550	84.958855	85.402174	83.548744	84.888816	84.812506	85.396959	83.738705	84.159173	85.179437	85.519768	85.313613	84.680698	84.136554	88.509102	83.822211	84.863093	84.748411	85.798085	84.988403	84.699603	84.502779	85.174635	87.469072	84.932205	85.295612	86.700443	84.510203	85.244117	85.213886	84.947409	85.472003	86.440735	84.230095	85.015459	84.175801	84.756443	85.996128	84.964312	84.646777	84.249179	85.569928	85.982582	85.662744	84.697712	86.650628	85.186562	84.841993	85.055459	83.806112	84.498669	82.821137	85.793216	85.410009	84.776940	84.793341	82.824669	83.986382	85.274867	86.336951	85.146113	85.856528	83.082823	84.521969	86.626795	87.926773	83.595450	83.965826	84.050886	85.737513	86.022977	85.015806	85.768577	83.725133	
82.865721	82.950120	83.224079	83.933252	81.773552	80.331469	81.338712	84.061545	84.497269	84.432935	86.773078	86.823598	84.464644	86.269892	83.751173	85.766726	83.830868	85.089725	86.997867	86.870996	89.414725	86.460047	89.859737	85.776926	85.592870	92.463212	86.379353	85.115187	87.732881	94.364023	93.721218	85.221619	85.915275	90.072609	85.364376	85.977071	86.224970	84.876728	88.364319	86.774589	84.619753	87.061145	88.054214	86.798313	84.361948	91.932677	83.170576	84.022135	83.550184	88.477393	83.497053	85.989847	85.671648	84.623195	85.424763	85.993912	85.698767	84.024883	85.877226	85.032622	86.961554	83.418930	84.992070	85.445134	87.047307	86.164233	87.836733	84.143453	85.686526	85.478045	84.440614	85.082221	86.026889	84.518485	84.309675	84.794706	86.449781	87.260267	86.460650	84.939717	84.894756	84.598835	89.367140	86.171107	84.981554	86.372571	85.715922	84.523667	84.912461	85.622932	86.932972	85.070747	85.376968	85.542486	90.356900	86.039707	85.983554	84.893226	89.085465	85.048502	85.126728	85.563957	84.574648	86.519070	85.488568	83.532092	84.515136	86.677032	85.225850	84.635225	84.740963	83.758166	84.813674	89.961932	85.171995	86.883145	83.729941	88.546879	86.579162	86.440310	83.277872	83.457329	84.068314	85.440128	83.809534	87.037257	84.320718	82.029091	
84.162029	82.533572	85.255639	83.098808	81.485798	82.488456	81.391796	83.885056	86.528630	83.706642	84.557460	86.218819	86.577920	85.671727	85.111339	85.017847	83.481410	84.253312	83.545664	84.524393	88.985134	85.947452	85.498407	84.394052	85.273770	88.656979	86.627085	85.058684	85.175255	84.122100	91.085587	85.091822	86.217563	88.362061	83.994069	89.582244	85.192570	86.372147	89.076861	87.223311	83.464277	86.605542	87.272583	86.195818	84.526931	90.033910	83.782596	83.885894	83.595858	86.536174	85.844034	83.870415	85.336681	83.906953	84.771941	93.947707	83.939787	84.104502	84.472392	85.017384	87.233019	85.248565	84.556846	83.826511	84.847747	86.035385	84.357639	84.748401	84.382153	83.998609	84.974961	84.816613	85.252111	84.316642	84.701167	85.054200	85.373593	86.120975	87.878793	84.795693	84.987182	88.297960	85.014848	84.001828	84.340068	84.722424	84.883495	84.129852	84.850145	85.917195	84.430952	84.393768	84.724854	85.133081	85.586292	86.075485	85.479944	84.802462	86.474924	84.915612	93.513891	85.010397	85.384821	84.299899	85.956225	83.079996	85.804630	84.475497	85.872417	83.109276	83.580614	84.042336	85.967587	97.214469	85.420543	84.834130	82.829127	84.591359	88.898923	86.824290	83.561657	84.565083	83.706830	83.563334	83.674982	84.679238	83.077657	82.352618	
85.270077	85.186692	82.272615	84.580543	80.718153	82.592666	81.322858	84.003239	86.868996	84.138343	84.811901	86.271526	86.184777	85.626985	85.845843	86.520124	83.292428	83.179931	83.309637	86.766699	89.669674	86.477748	85.298719	84.993935	85.864992	87.549018	86.451828	85.759997	84.865625	84.389758	91.000448	85.295716	85.378374	89.093153	85.258679	85.001265	85.634544	86.298678	88.397366	87.362754	83.392651	86.741238	87.443848	85.290928	83.809874	90.330492	83.980920	87.063666	85.178023	85.179740	82.919324	84.972685	83.942048	83.786780	83.771804	86.104041	84.570445	83.367438	85.091768	84.620382	84.416658	83.070698	86.080444	85.832444	85.557528	85.754662	85.214420	83.929313	84.358317	85.426918	84.391987	84.720142	85.354206	84.445759	84.304254	86.033738	86.706345	87.355143	85.152851	85.574224	84.685940	85.270835	84.994358	83.845636	84.160416	85.281852	86.352719	84.167986	84.860443	83.789982	85.270871	84.475748	89.690788	85.104545	84.599055	86.151936	85.392856	86.155159	85.060985	84.773732	85.330139	85.983222	87.816483	84.726400	84.568864	83.813356	85.708179	84.073746	85.103719	82.464504	82.745926	83.482088	85.857857	86.443506	84.522961	84.963513	82.880925	84.281716	86.405199	86.476992	83.196506	82.765506	84.264396	83.334307	83.149618	86.035451	86.333152	83.410572	
83.257313	82.881442	82.765207	82.848406	81.889165	82.280271	81.292324	82.534904	87.959807	84.066418	84.474774	86.919747	84.510682	87.088694	84.512804	85.714684	85.068662	84.305735	84.741352	85.565787	90.572688	86.790171	85.194712	86.202632	85.930364	90.891127	87.856827	85.973768	85.505669	87.385075	92.912396	89.989452	86.025427	89.910487	88.733519	84.908963	85.974294	85.810592	88.458178	87.728083	83.373164	87.269361	88.479096	86.059363	84.204689	91.125413	82.887781	84.331474	84.643908	84.838290	83.312092	85.371687	84.942498	83.581374	89.629677	85.203874	85.787393	90.977525	84.745285	85.199550	84.618546	83.333476	84.946631	84.908905	87.324115	85.476746	84.303531	84.253486	86.499673	84.873365	83.994473	85.743887	87.419785	84.922360	84.678322	84.910110	85.823974	86.342529	85.073737	84.923744	85.021283	84.465547	85.337989	87.528211	84.476485	85.673050	85.707069	87.223436	86.295079	85.048432	84.853553	84.828134	84.823532	84.649774	85.772670	85.358052	84.976152	85.903269	86.053627	84.623491	89.414950	85.083702	84.721455	84.216474	84.404542	86.062992	84.553305	84.747478	85.112151	84.769266	88.571250	83.367799	85.109103	86.328989	84.968630	84.656133	83.228376	84.101179	88.094195	86.579647	83.290036	82.627343	83.403780	85.255934	81.907761	86.027559	84.842851	82.443404	
83.079185	84.546825	82.674796	82.306056	81.372999	80.330755	81.614621	81.554790	87.856730	84.908495	87.534120	87.575431	85.634320	85.366901	85.355796	86.072048	84.374937	89.491988	84.886728	84.814335	89.866419	86.713750	85.287815	85.178340	87.770220	90.015645	88.127047	86.226244	85.196026	86.321753	90.684654	87.638406	85.167520	89.408555	85.621204	84.852211	85.955963	85.221773	87.801697	86.379547	92.102316	87.330812	96.590880	86.143787	83.794348	91.323691	85.337104	86.142212	88.316939	85.129051	84.869177	85.554401	85.198650	83.979807	84.983994	86.249257	85.007444	85.631237	85.620764	84.872469	87.661888	83.909657	85.661069	85.904088	90.325138	87.764444	92.719721	85.576599	87.408835	85.464792	84.943300	87.887681	84.765196	84.574752	84.486358	83.999966	85.294164	87.376044	85.291012	85.675650	85.382438	94.866251	85.216367	84.837861	86.247473	85.779397	85.056220	85.271241	86.217210	86.448043	85.747127	85.029826	86.171338	85.477905	84.872148	86.712364	84.960151	86.187705	86.596780	86.112140	85.347950	85.035750	85.674257	87.790717	84.936039	86.512801	84.971331	85.363045	85.876898	83.172516	85.767122	84.954324	84.622076	86.636030	85.372048	84.677638	83.110983	84.720225	87.868716	87.249196	88.586457	83.896905	92.675842	83.634735	82.531222	86.731725	84.751967	83.624942	
